0 0.46640625 0.50625 0.37265625 0.959375
0 0.75703125 0.63359375 0.0890625 0.22578125
0 0.859375 0.64296875 0.103125 0.2015625
0 0.96171875 0.646875 0.0765625 0.20703125
0 0.85078125 0.86796875 0.11328125 0.2359375
0 0.7234375 0.87109375 0.10546875 0.240625
0 0.03984375 0.0765625 0.0796875 0.153125
0 0.12578125 0.0765625 0.0984375 0.153125
0 0.2234375 0.0765625 0.071875 0.153125
0 0.30390625 0.0828125 0.084375 0.165625
0 0.06875 0.23203125 0.08203125 0.21171875
0 0.22578125 0.25234375 0.08671875 0.2015625
0 0.30390625 0.265625 0.06953125 0.209375
0 0.6765625 0.09765625 0.09375 0.19453125
0 0.703125 0.3078125 0.09375 0.2046875
0 0.7875 0.32421875 0.0796875 0.21640625
0 0.853125 0.3171875 0.07421875 0.2140625
0 0.93359375 0.3453125 0.1109375 0.18515625
0 0.75703125 0.10234375 0.12265625 0.2046875
0 0.83515625 0.103125 0.12734375 0.2015625
0 0.92265625 0.1078125 0.1546875 0.196875